Run,Messages,Loss,Corruption,Time_bw_messages,Application_A,Transport_A,Transport_B,Application_B,Total_time,Throughput
1,1000,0.5,0.2,50.0,1000,224065,8710,165,49533.980469,0.003331
2,1000,0.5,0.2,50.0,1000,226884,8839,171,50219.066406,0.003405
3,1000,0.5,0.2,50.0,1000,97659,5634,691,49893.656250,0.013849
4,1000,0.5,0.2,50.0,1000,234543,8904,130,49913.742188,0.002604
5,1000,0.5,0.2,50.0,1000,231244,8908,162,49961.843750,0.003242
6,1000,0.5,0.2,50.0,1000,236780,8930,143,49881.914062,0.002867
7,1000,0.5,0.2,50.0,1000,240939,9157,117,50153.285156,0.002333
8,1000,0.5,0.2,50.0,1000,91082,5753,718,52151.511719,0.013768
9,1000,0.5,0.2,50.0,1000,116441,6206,600,49855.742188,0.012035
10,1000,0.5,0.2,50.0,1000,36421,4360,911,51389.171875,0.017727
